5
21
100 99 98 97 96 95 94 93 92 91 90 89 88 87 86 85 84 83 82 81 80
5130.0 5225.0
5160.0 5300.0
5245.0 5265.0
5310.0 5420.0
5130.0 5225.0
5160.0 5300.0
5245.0 5265.0
5310.0 5420.0
5130.0 5225.0
5160.0 5300.0
5245.0 5265.0
5310.0 5420.0
5130.0 5225.0
5160.0 5300.0
5245.0 5265.0
5310.0 5420.0
5130.0 5225.0
5160.0 5300.0
5245.0 5265.0
5310.0 5420.0
5245.0 5265.0
1000 2047
0 2047
0 2047
0 2047
0 2047
0 2047
0 2047
0 2047
0 2047
0 2047
0 2047
0 2047
0 2047
0 2047
0 2047
0 2047
0 2047
0 2047
0 2047
0 2047
0 2047
data/5targ_r_id.txt
2 12
4 01
5 15
7 03
8 15
